0
37351145234558
109990495745680
175720527300175
229177016921178
265555648211581
281094050825027
273524109477353
242443546535785
189554735627568
118723550442594
35822594725133
-51658491846525
-135228589469665
-206200890542640
-256623423754883
-280241400450750
-273377922667939
-235610345191505
-170125486793875
-83660409260515
14023037524790
111124681988740
195181187777279
254688799037671
280772729523117
268662915572525
218727736489189
136848132668315
33986919709874
-75082253325683
-173786896810713
-246268219336773
-280031322698666
-268292483389813
-211573260958138
-118164151337155
-3237354371265
113386632556511
210553307220259
269654987889225
278380178129100
233565762165929
142469525777599
22022796454274
-104001881973183
-209527037477719
-271602649501326
-275621714784102
-219115335779999
-113104361356865
19562933636585
148801495700732
243995395901581
281381723672413
250332478362325
156827467660811
22944819144230
-117884238940626
-228997870154849
-280123372794274
-255986221264729
-161405317025430
-21100535940122
126218576620517
238273070499720
281452644013057
241339932050172
128143972580417
-25095224623083
-171595617872166
-264936592875828
-274025420502847
-194067472960435
-49535369689530
112539412158079
237448792935378
281347278799134
227191325649277
92154149945374
-76863546806455
-218921667475545
-280954976585181
-238108786000245
-104574647127779
70017898424224
218339087401861
281224706973058
231831100364070
88064806024489
-92736595139024
-235947160632777
-280435001599052
-205359416987340
-41015007875365
142203526392299
263338946000040
266857548186771
149063126180326
-37962254284848
-208287220019354
-281296627126556
-220463639337671
-52870348854277
141404505742627
266759319903220
259335410357901
120676942379683
-80416096399787
-240862606900990
-275991065857406
-165172334858680
34598978420382
216577225409417
280857098268329
190010139286079
-7553086674316
-201739367163448
-281471557109967
-198923825124395
154163123223
200011530928151
281448591261690
193620355143619
-12483117953151
-211776491089385
-280270066805288
-173058336725665
44367338637633
234251791417619
273304337184156
133874505042464
-94481248980609
-260751296390511
-252139636866483
-72106261708614
158105284472574
279632892161968
205990892651061
-13407117587768
-224057755554947
-274235337788837
-125391128592088
115920910447543
272317916474914
225910511654159
9094041858963
-215390946089426
-275368865437974
-122345635531589
126769451949061
276806496333402
207247163695838
-28778131329438
-242286758531756
-258732218832375
-62226054092831
186572534072982
279903885323441
137117483712890
-122900695728983
-278148025000780
-192947936667398
61022670461937
262009619901584
230953324984489
-6936638571696
-239252766690677
-254557373439253
-36434146446554
215985251961870
267822200782500
68224591570315
-196509914182402
-274442293607219
-88650288489605
183552499714664
277189811341826
98247231220778
-178595625639309
-277658694992392
-97379898911002
182146046719349
276171271741591
86012307312454
-193844030347791
-271763881440163
-63728600979448
212384655858375
262234324333302
30004693335560
-235272398924660
-244302258494899
15254672529895
258488768055011
213995197944042
-70913422505646
-276230677715109
-167411206255975
133603204952259
280973540995343
101993291084742
-196730544864895
-264199899395409
-18332427059593
249908219438181
218144369767214
-77752953279450
-279452615432611
-138730123638885
173544251585919
270692593537950
29391482865553
-249338343599103
-212586868095610
95352050154203
281423262006342
104288327117716
-208701494841658
-249195126264636
38267740667525
275495951240479
145911845644570
-179547158786250
-263229903561887
10326611812407
270179626037792
159124125004373
-172084017530660
-264411970204650
13099133303903
272550460677939
146438824582537
-188412250990216
-253762411136373
46497316887184
279737032200588
105432852916036
-223683971060508
-223309112981790
107715810212530
279146738807577
39183922847090
-257874715917645
-179071821945584
158869700505099
267727179736192
-6628401850657
-271193868231650
-151929187828934
180731725764109
260401539181985
-21715402216047
-273451180128307
-149585850247745
178118572152912
263879415921011
-6011904918407
-267440189596395
-172571591261845
150368589417102
275175758834852
40404839148148
-246417383679194
-214993449551153
91862761311550
281237537349485
114514353455803
-195846608453688
-261098237745578
-2312420951341
258853478618735
202597484003282
-99978703569730
-281184191275225
-124562326464781
180258547559675
271028077214807
42844321223997
-234933323454222
-239577037556775
31843448920893
266263379628862
197610704401751
-93900147448930
-279561787756683
-153741586714746
141671016055352
281009658381832
113950766462815
-175961285347467
-276289752242204
-81892259754538
198705566858048
269918764389961
59516796174265
-211979467112173
-265040564227490
-47713227930516
217362884077493
263447672460428
46801379247503
-215589306809590
-265657709588266
-56801753800026
206410641015865
270944693850764
77456577275863
-188641201163684
-277296337516299
-108000601854629
160393377431737
281337823589555
146702050643839
-119561579848882
-278334415333739
-190237499264969
64629214388260
262457770156132
233048296849399
4162252830937
-227554822349181
-266955456270628
-83365966572769
168648006994420
281459736374756
164922576439948
-84248993132967
-265247552747973
-235441513310017
-20793064640202
209321028314451
277136049326637
132788344129805
-111690976446481
-271440113989747
-228638752520751
-17409314867662
205780647593108
279225218569023
152188651338812
-82482039743524
-258244076645742
-253360817260630
-73595361343637
155801825212356
278819425814521
214395270578312
7861297316200
-203025084884087
-280897260755536
-177401389720278
38878575315128
229712806438840
276111534392952
151409714225797
-65529129866075
-241814650969272
-272239748113109
-140870976427651
72702163623698
243067787620194
272855940761754
147227974371875
-60721640600323
-233909338122543
-277453631182615
-169633806906775
29084824546821
211369776962291
281417183098119
204514000898798
22637505287146
-169879748768860
-275930334815049
-244148973674187
-92445428004354
103428617655512
248619268583441
275045370067603
172327907783499
-9710350138385
-186341559156096
-277759228183108
-244607948545303
-103715312037803
81597222190626
230776937708633
281077846821242
213191973353331
57405582936135
-120955421850792
-249481261754990
-277907528217130
-196950939492363
-40099681879459
131154329355921
251864931308872
278052827127563
201954260115196
53173155418297
-113668767704706
-239415045759600
-281211539157938
-226461062745328
-95642088852334
66128680979095
205148431944999
276972768344589
260166805210564
161910126024221
14330972438865
-136578617421068
-245517968795396
-281274003694673
-235103002238279
-122067885064395
24480968087021
163168743430715
256369465450964
280153383973732
229890851969916
120398318109499
-18947725818486
-152447932239109
-247306154345738
-281474596754340
-248329549156418
-157339161060934
-30924238103636
101418301379270
210143555524078
272161253093591
275432573583604
220846491595807
121233756188657
-2004103768889
-123732179188858
-220271816295541
-273883831503885
-275746155465242
-227009168283326
-137924548399526
-25402307908087
90404171761677
189782551315945
256749941103158
281429003237627
261213258470284
200661276596150
110274241122104
4470542822233
-100842824910730
-190691534158140
-253091567717002
-280487288280749
-270437570015616
-225542121887615
-152707030218550
-61925319279453
35210871071121
127044661614489
203238520041044
255857858687350
280062342120129
274373637524994
240542944773578
183084560024480
108569796030832
24788111226486
-60119362660534
-138461764590631
-203664658507567
-250754033945888
-276637235088676
-280183058999968
-262122129376276
-224802096620204
-171839920795871
-107715810212480
