0
569933246
1678321773
2681282460
3496963759
4052057620
4289154828
4173646690
3699394936
2892375726
1811577612
546609416
-788246030
-2063424521
-3146375893
-3915762691
-4276144416
-4171416056
-3595128558
-2595908917
-1276556537
213974571
1695628082
2978228573
3886242661
4284251854
4099470757
3337520393
2088136789
518599238
-1145664265
-2651777600
-3757754811
-4272938883
-4093818411
-3228351760
-1803041860
-49398107
1730142708
3212788501
4114608579
4247744417
3563930697
2173912441
336041205
-1586942779
-3197128867
-4144327537
-4205653606
-3343434689
-1725835591
298506677
2270530635
3723074278
4293544367
3819770482
2392997248
350110155
-1798770735
-3494230196
-4274343456
-3906039753
-2462849686
-321968627
1925942636
3635758522
4294626526
3682555115
1955321847
-382922738
-2618341337
-4042611585
-4181296089
-2961234633
-755849757
1717215151
3623181044
4293018780
3466664514
1406160735
-1172844647
-3340479545
-4287032723
-3633251739
-1595682481
1068388342
3331590078
4291148482
3537461858
1343762298
-1415048143
-3600267953
-4279098535
-3133536025
-625839353
2169853613
4018233428
4071923037
2274522799
-579258030
-3178210754
-4292245897
-3364008168
-806737500
2157661525
4070424192
3957144323
1841384008
-1227052252
-3675271711
-4211289457
-2520329816
527938513
3304706198
4285539219
2899324635
-115250956
-3078298449
-4294915117
-3035336687
2352342
3051933760
4294564685
2954412157
-190477263
-3231452805
-4276581829
-2640660655
676991861
3574398672
4170293230
2042762833
-1441669448
-3978749029
-3847345533
-1100254237
2412495185
4266859316
3143171579
-204576379
-3418850029
-4184499172
-1913316781
1768812720
4155241645
3447120844
138764066
-3286605012
-4201795432
-1866846245
1934348326
4223731938
3162340754
-439119435
-3697002541
-3947940350
-949494233
2846870942
4270994343
2092246760
-1875315791
-4244202041
-2944151865
931132056
3997949522
3524068069
-105844704
-3650707499
-3884237265
-555940955
3295673400
4086642467
1041024651
-2998503329
-4187657067
-1352696052
2800788875
4229580861
1499133777
-2725152979
-4236735458
-1485899336
2779328105
4214039180
1312443654
-2957825170
-4146787741
-972421279
3240732663
4001378239
457835286
-3589971907
-3727756629
232767830
3944225586
3265307585
-1082052955
-4214945643
-2554492282
2038623122
4287315994
1556294114
-3001869886
-4031370535
-279730637
3813296805
3328618923
-1186415913
-4264108511
-2116853693
2648075127
4130441185
448478437
-3804601190
-3243818177
1454956819
4294178192
1591313585
-3184532086
-3802415867
583919382
4203734607
2226438074
-2739672222
-4016569573
157571591
4122613922
2428041458
-2625793724
-4034606478
199876911
4158789988
2234479134
-2874942794
-3872107103
709492750
4268448367
1608777662
-3413146531
-3407426650
1643612826
4259441204
597899213
-3934855894
-2732419158
2424159248
4085192561
-101141385
-4138090030
-2318255429
2757747280
3973412157
-331350741
-4172533876
-2282498935
2717873720
4026480345
-91734389
-4080813439
-2633233509
2294442587
4198848859
616528917
-3760030878
-3280539696
1401714497
4291344258
1747350364
-2988382087
-3984042934
-35284743
3949790628
3091392272
-1525553948
-4290530262
-1900670264
2750527153
4135560260
653752460
-3584798026
-3655655480
485892470
4062856744
3015300054
-1432802542
-4265774349
-2345910441
2161728150
4287867101
1738750708
-2684956136
-4215847049
-1249576717
3032006330
4118633489
908154238
-3234549974
-4044198062
-728046080
3316694398
4019892463
714132373
-3289631756
-4053614953
-866725979
3149576431
4134287931
1181893574
-2878436297
-4231206321
-1647958402
2447408713
4292874505
2238495645
-1824364926
-4247046132
-2902793873
986163549
4004787752
3556034802
63510937
-3472211034
-4073416996
-1272063698
2573364364
4294734746
2516518805
-1285537614
-4047356456
-3592552388
-317276987
3193985417
4228760518
2026189333
-1704269049
-4141847442
-3488750496
-265645063
3139963494
4260638711
2322214528
-1258576045
-3940491892
-3865979267
-1122976094
2377347186
4254446805
3271412209
119953877
-3097916944
-4286152050
-2706930385
593239979
3505139258
4213127661
2310328891
-999895170
-3689798751
-4154048890
-2149520514
1109346979
3708920099
4163451244
2246520605
-926538705
-3569173250
-4233606432
-2588406477
443799202
3225246840
4294085435
3120636000
345420918
-2592159252
-4210362774
-3725417689
-1410605285
1578195459
3793628976
4196859284
2629515194
-148168184
-2843346544
-4238269473
-3732421089
-1582570068
1245074801
3521376612
4288907574
3253051351
875939681
-1845633267
-3806781948
-4240532351
-3005232841
-611872587
2001256246
3843153859
4242749437
3081577455
811357962
-1734447749
-3653183681
-4290947557
-3455521587
-1459382459
1009043594
3130316649
4226269048
3969830401
2470552460
218673285
-2084024313
-3746306896
-4291900691
-3587387119
-1862608109
373549928
2489757437
3911887595
4274801391
3507856017
1837132539
-289119351
-2326170841
-3773592443
-4294961498
-3789208208
-2400805069
-471866426
1547520467
3206536186
4152851151
4202767541
3369850030
1849880312
-30580196
-1888003222
-3361081181
-4179135612
-4207552421
-3463885014
-2104561590
-387608458
1379458187
2895851918
3917693193
4294265796
3985798011
3061848092
1682651384
68215069
-1538739393
-2909721895
-3861870845
-4279896366
-4126549835
-3441499662
-2330124362
-944905384
537275254
1938547693
3101173706
3904081095
4273412202
4186609459
3670394054
2793648682
1656643616
378236560
-917348673
-2112758859
-3107676063
-3826202910
-4221149217
-4275254196
-3999666280
-3430207773
-2622069103
-1643612826
